10000
41 17 34 100 119 124 78 108 112 14 5 95 31 27 61 41 145 92 27 36 
141 54 2 3 142 82 21 116 68 95 47 126 71 138 69 112 17 49 85 144 
53 111 122 33 123 14 141 61 53 118 47 44 112 57 87 109 23 141 79 28 
16 35 140 42 138 106 40 92 64 148 146 105 140 129 70 50 6 51 93 98 
129 23 84 4 6 140 16 26 131 58 144 39 26 73 137 88 68 132 129 41 
33 65 139 108 54 30 27 56 23 36 71 95 74 22 120 129 77 123 147 12 
136 90 11 36 5 17 105 124 131 52 50 100 141 124 16 130 57 41 7 87 
7 137 3 33 95 59 109 8 71 138 122 46 56 130 63 68 0 41 12 5 
10 59 24 137 98 33 145 141 2 50 91 86 74 70 96 21 48 99 18 34 
31 84 53 49 18 38 0 38 127 17 128 43 48 133 107 21 60 17 13 64 
59 116 35 51 50 149 19 56 148 3 74 58 144 59 139 2 45 85 93 93 
73 87 64 53 98 0 108 18 30 146 98 131 89 98 109 7 72 72 88 142 
38 29 40 107 8 41 15 88 106 111 2 84 122 105 78 146 112 86 125 83 
19 42 144 66 131 48 122 51 121 149 107 126 142 89 125 62 50 110 3 19 
11 138 51 39 105 73 52 85 32 85 88 76 117 57 82 32 119 54 71 89 
26 129 118 42 125 55 134 49 91 62 145 60 118 3 89 123 79 46 37 79 
49 37 66 49 43 95 147 16 86 55 38 82 5 84 114 1 116 121 86 113 
113 55 135 103 12 8 32 95 113 6 121 58 96 82 31 94 96 122 79 61 
135 50 73 116 44 59 42 39 3 74 54 110 95 99 136 63 124 122 68 68 
37 5 108 41 2 25 77 64 14 24 84 74 72 59 133 20 137 97 18 77 
73 20 113 118 92 35 102 80 113 127 2 49 77 75 43 124 73 122 11 81 
103 132 105 143 75 131 92 142 122 86 14 100 137 110 63 74 20 70 85 83 
61 110 146 17 85 100 140 44 145 24 119 25 26 94 8 52 121 116 28 93 
1 134 118 114 119 52 100 87 10 126 10 107 70 65 126 77 43 108 114 9 
82 136 15 37 27 74 75 127 79 128 73 20 2 112 123 146 137 61 145 125 
64 10 52 16 80 76 61 21 111 47 3 70 90 74 38 13 140 1 62 29 
0 13 58 28 115 107 77 0 108 139 53 10 7 74 27 8 113 37 1 50 
60 78 93 84 55 90 61 54 85 106 72 100 73 85 6 116 126 57 126 7 
87 21 19 111 146 122 67 62 117 96 35 41 123 129 79 65 109 82 96 5 
53 12 134 34 54 22 7 119 32 113 57 83 11 85 17 48 25 38 123 92 
54 61 91 75 9 125 71 20 126 134 55 133 0 148 79 51 43 134 137 134 
6 43 126 55 62 48 131 0 13 141 55 105 92 62 11 127 24 128 102 143 
96 73 140 13 125 122 68 10 117 82 62 95 119 131 90 88 35 40 147 39 
40 145 3 114 51 40 144 8 35 59 92 105 64 31 3 79 75 58 42 147 
149 6 61 127 17 141 29 40 63 74 51 77 115 133 113 142 24 51 142 9 
120 28 127 34 25 36 48 70 137 147 54 53 71 13 6 113 10 121 39 90 
14 42 119 63 91 104 18 82 0 5 25 39 3 22 98 147 84 148 121 14 
113 125 95 62 146 78 119 112 119 35 89 44 15 90 145 8 118 120 1 123 
132 22 2 37 70 63 51 3 23 77 50 119 65 15 28 93 147 138 93 37 
59 63 99 31 88 92 8 110 71 108 104 38 46 90 149 93 130 120 148 67 
36 83 35 126 35 138 103 129 124 148 123 59 7 16 144 105 68 26 61 25 
105 101 49 46 134 65 114 92 125 63 92 146 48 22 26 56 73 129 4 105 
76 112 25 93 65 136 36 41 64 144 6 52 86 88 82 5 15 81 80 141 
75 61 87 136 40 0 112 34 93 3 116 102 58 62 33 54 103 134 53 6 
148 24 17 13 109 28 100 80 18 58 50 5 11 114 53 76 93 59 52 111 
139 48 82 3 74 120 2 23 81 19 128 9 108 119 121 3 45 31 104 92 
135 113 98 39 122 88 137 110 111 84 58 61 59 43 15 69 37 69 58 0 
21 14 117 15 105 15 30 39 62 38 32 4 35 10 34 24 130 115 1 91 
115 29 10 98 123 38 127 132 106 39 13 108 41 40 73 63 28 134 28 0 
121 85 74 21 83 67 53 45 68 125 76 29 0 48 9 43 36 80 66 99 
117 28 129 64 21 5 126 66 16 126 16 137 81 14 140 136 21 112 21 64 
59 15 52 23 24 91 45 112 73 81 6 118 18 52 107 7 81 112 136 80 
114 109 34 6 140 143 146 52 4 145 8 98 141 62 31 114 89 8 122 4 
95 2 69 129 88 23 18 66 109 98 136 46 112 83 8 22 96 92 137 25 
147 58 2 57 48 80 42 50 78 99 52 48 82 90 115 75 62 117 136 97 
68 97 28 51 116 80 99 125 58 79 70 140 10 147 112 5 125 42 11 104 
48 46 14 96 38 69 88 63 75 65 121 25 15 128 34 120 5 14 57 12 
61 74 99 69 30 123 0 83 125 110 87 136 37 78 93 136 114 114 91 149 
85 105 137 104 137 73 14 70 108 118 81 35 2 73 2 94 126 126 46 72 
99 90 74 69 43 61 141 39 19 15 55 85 16 100 115 59 114 16 93 24 
9 0 45 123 139 111 122 118 58 81 18 76 10 72 24 79 10 2 132 41 
45 64 124 14 52 55 110 24 72 121 22 47 127 39 105 45 144 0 143 4 
81 112 122 39 78 62 12 117 108 65 108 123 59 34 104 86 119 58 95 106 
66 100 117 142 37 32 106 74 147 71 133 122 81 126 83 98 123 132 118 76 
70 61 82 6 140 75 124 36 27 69 93 34 77 18 18 91 96 133 28 77 
26 121 47 62 103 77 8 145 58 135 88 87 43 13 1 0 78 11 100 99 
92 104 119 81 15 17 13 143 34 122 122 30 1 92 77 77 120 102 114 31 
90 123 137 73 79 95 69 77 42 110 132 108 126 37 20 128 101 8 13 110 
133 136 42 60 122 78 134 141 18 53 17 115 138 81 107 100 114 148 108 111 
113 56 107 28 139 85 65 125 86 36 33 110 130 98 78 92 133 140 16 85 
10 49 137 142 32 128 102 119 44 44 8 102 97 32 85 8 114 47 143 49 
115 141 39 50 12 48 73 51 24 133 41 50 54 90 47 119 80 78 31 144 
40 137 149 25 83 138 142 43 52 111 60 84 40 147 85 79 40 55 141 42 
10 49 128 129 71 127 73 93 120 47 26 76 140 132 78 59 18 89 9 149 
24 72 30 8 67 8 27 53 70 57 96 74 72 11 119 111 106 140 113 33 
66 132 102 41 4 63 12 46 10 65 104 49 36 30 48 32 137 34 40 67 
56 120 91 132 49 73 108 105 71 145 96 16 78 128 79 8 127 0 57 29 
81 145 128 76 3 49 84 115 93 108 22 143 79 14 118 105 91 123 72 148 
101 36 44 96 77 117 79 66 24 41 19 112 46 93 91 65 99 7 90 102 
86 1 37 26 112 5 83 144 30 47 65 65 113 111 128 78 78 40 111 147 
45 20 125 139 0 149 33 65 14 32 7 132 46 17 22 82 10 91 31 87 
105 29 21 88 1 97 58 46 76 109 39 122 66 86 5 78 64 60 3 77 
148 53 61 81 132 5 97 56 52 71 46 31 71 5 47 124 18 135 126 124 
9 98 74 103 22 135 143 88 53 32 97 30 126 28 0 101 61 99 5 113 
16 73 61 145 23 74 50 53 131 87 149 110 43 65 122 129 81 12 126 31 
147 40 21 105 122 32 89 20 65 131 58 43 106 28 148 106 21 16 96 47 
120 144 79 88 109 134 119 28 17 115 126 84 18 56 128 97 68 90 49 85 
86 149 120 10 121 63 115 85 18 130 131 67 137 94 86 107 10 127 24 31 
102 121 68 43 85 37 111 54 77 106 118 72 63 50 92 137 38 88 5 89 
147 31 43 84 37 111 93 117 51 82 47 65 103 54 84 45 25 71 64 31 
72 6 56 43 93 80 30 18 111 63 118 101 66 79 118 90 31 33 79 113 
109 103 36 145 65 24 70 135 30 126 5 25 21 58 59 6 52 132 105 90 
25 112 85 62 80 36 147 2 8 30 90 76 58 143 90 146 74 23 47 30 
85 122 0 107 5 116 91 38 31 68 115 46 25 109 112 136 55 12 143 142 
21 72 62 98 68 68 17 114 100 90 35 9 19 145 53 140 79 49 5 41 
61 131 52 53 33 79 87 142 3 133 20 64 18 94 13 29 102 114 119 20 
5 47 94 37 26 126 23 90 29 140 38 110 21 95 121 120 83 39 105 28 
29 56 62 35 87 46 83 138 35 129 93 90 62 65 51 55 107 117 119 134 
121 107 98 95 97 118 138 144 22 13 28 14 1 23 140 104 101 77 97 142 
121 113 51 13 71 115 21 45 10 45 91 22 12 51 65 105 93 38 129 82 
108 54 72 7 95 138 144 90 139 54 4 123 25 128 124 31 80 33 23 44 
30 96 37 45 55 66 50 89 38 63 85 147 109 30 124 108 37 24 120 72 
93 105 134 111 6 6 84 25 32 19 141 132 84 29 129 133 117 86 125 118 
137 28 19 27 87 141 6 145 10 1 93 132 36 80 25 57 34 24 19 90 
76 41 51 79 90 24 122 141 39 37 140 89 43 53 113 31 103 5 26 29 
45 139 68 48 83 89 115 21 143 76 122 138 78 131 99 128 41 123 93 84 
143 149 2 7 102 91 37 96 141 37 113 0 16 40 112 85 26 60 77 132 
10 39 5 74 113 22 95 66 10 38 138 11 45 17 25 17 139 42 13 97 
52 67 99 123 126 3 48 51 70 86 8 17 56 105 131 112 119 25 56 31 
145 94 141 103 88 15 100 19 122 141 133 83 125 42 19 0 104 78 135 7 
133 143 140 53 100 133 72 121 111 90 38 41 8 147 102 58 29 102 133 90 
102 118 72 95 135 8 61 92 144 149 88 78 142 7 91 47 119 145 30 113 
114 60 111 35 123 54 12 3 52 119 54 79 52 124 99 130 144 44 149 18 
65 113 52 123 20 31 147 11 19 148 148 53 52 29 3 143 122 38 63 34 
100 72 40 11 42 101 80 27 16 26 128 120 65 148 98 79 135 57 33 12 
2 62 70 120 122 123 41 86 88 17 67 92 48 17 49 65 39 32 119 31 
53 30 128 31 39 52 30 122 64 107 145 78 131 40 60 77 21 36 9 93 
40 33 37 43 130 24 93 132 103 61 40 12 107 147 101 123 40 67 40 53 
16 83 111 9 95 136 101 65 101 40 109 147 133 0 58 21 25 131 87 121 
87 99 54 79 38 50 80 61 118 55 40 78 9 72 148 10 98 35 131 14 
67 43 96 111 96 38 20 138 26 105 17 21 110 52 108 133 5 115 126 1 
34 9 43 98 123 42 143 33 137 3 90 11 44 68 77 148 89 98 129 97 
49 31 69 125 98 99 86 149 23 93 81 4 61 84 85 117 16 143 54 16 
53 8 23 84 42 17 148 69 130 61 14 40 27 43 104 99 124 145 56 58 
39 108 59 39 47 40 68 64 125 26 39 103 66 12 90 120 126 45 141 136 
101 109 87 133 85 140 50 86 105 131 78 2 127 112 24 115 122 82 135 28 
46 39 28 83 25 115 60 95 78 121 55 120 27 23 84 101 25 136 134 1 
37 10 124 90 106 21 130 135 45 32 25 118 73 62 137 48 5 112 67 142 
39 147 146 53 81 115 89 58 129 95 94 99 145 22 75 112 122 123 80 138 
47 92 58 3 27 125 34 51 78 82 69 36 28 89 138 121 76 13 27 125 
124 31 100 11 62 102 148 45 84 16 137 57 43 134 94 109 71 8 43 118 
27 119 7 91 41 64 123 15 122 79 91 65 65 86 107 9 100 102 143 91 
129 148 127 98 24 124 124 133 85 38 20 112 79 134 59 28 23 85 0 74 
93 5 112 15 67 107 27 134 104 90 84 91 21 85 134 140 142 148 36 68 
21 124 97 76 104 119 108 27 43 118 66 102 38 0 19 68 40 134 139 6 
8 132 28 114 137 39 24 120 27 4 38 91 148 142 102 121 104 146 6 59 
133 8 111 83 136 104 135 92 92 10 111 120 143 128 137 113 13 91 84 15 
56 61 112 61 109 51 138 20 24 107 57 34 1 1 89 58 141 140 63 112 
5 60 43 72 52 126 43 23 116 51 125 78 82 111 69 103 29 7 142 51 
103 42 70 19 122 7 144 55 90 133 12 109 107 38 10 71 71 104 97 114 
123 79 39 16 37 56 82 120 89 116 122 83 60 3 105 91 59 36 37 129 
42 117 145 56 38 102 4 16 133 10 69 131 138 117 126 98 14 120 3 7 
119 66 122 42 57 13 10 47 143 130 117 93 26 114 126 17 134 70 71 92 
114 104 116 143 64 75 100 62 100 51 126 79 143 27 39 61 135 22 34 144 
11 63 104 46 38 58 7 80 23 14 24 146 37 31 118 61 92 41 82 123 
11 41 111 30 148 119 41 0 79 117 67 114 95 91 86 117 128 103 9 23 
131 103 19 66 83 17 135 52 130 57 31 117 60 66 87 121 27 45 64 88 
71 97 15 92 11 107 55 53 121 30 90 30 25 20 140 27 48 86 4 139 
131 44 138 60 118 69 109 77 59 69 29 66 0 96 53 58 130 143 56 149 
4 122 60 144 54 83 146 29 121 78 59 41 21 38 16 33 135 20 129 11 
60 108 132 112 106 128 129 97 87 88 69 33 140 145 66 33 9 107 67 34 
103 135 108 43 143 93 116 1 140 144 37 74 112 97 101 145 67 92 142 137 
80 13 96 110 139 78 109 136 94 90 82 69 120 93 142 112 114 77 107 144 
5 13 111 13 93 14 103 45 62 131 96 59 148 18 74 11 4 35 77 83 
40 62 127 127 117 90 92 100 50 108 26 4 135 80 131 145 87 23 72 77 
129 61 11 54 30 103 143 21 85 128 93 100 55 71 120 102 75 81 140 84 
40 36 34 148 39 115 46 112 62 2 131 137 14 7 148 6 70 50 32 101 
93 99 82 144 81 75 104 0 26 116 38 1 123 43 141 80 45 118 59 13 
28 29 38 54 63 79 119 66 29 127 87 102 15 42 73 22 48 23 53 48 
95 147 8 108 11 43 15 81 52 60 78 106 105 115 23 69 15 3 5 134 
78 45 90 83 85 50 18 144 133 85 48 131 32 56 60 72 132 51 6 135 
10 71 127 87 93 18 33 95 71 103 142 11 79 134 112 143 80 61 134 58 
26 56 91 43 38 77 19 84 124 43 135 24 44 132 17 77 105 46 136 89 
140 87 50 9 128 6 127 3 142 0 61 125 143 145 16 65 4 6 18 141 
35 98 125 113 123 112 18 7 96 89 86 144 46 43 22 11 80 55 108 147 
70 90 123 127 113 4 96 22 0 141 141 96 125 13 24 79 145 53 144 43 
117 137 140 29 141 125 84 60 50 107 71 92 93 17 67 3 43 43 139 61 
75 28 28 98 0 92 44 4 73 53 36 47 46 76 11 4 38 21 36 55 
49 6 28 67 1 69 41 16 17 46 143 37 71 112 117 99 44 47 1 28 
42 54 118 68 91 96 12 70 94 18 25 69 34 24 34 109 99 64 145 53 
82 51 37 114 113 1 19 140 117 83 118 34 102 136 69 148 137 147 124 68 
77 98 43 32 21 69 143 27 114 54 34 93 95 111 93 92 48 40 49 40 
93 124 49 124 14 73 69 118 15 33 88 111 52 13 58 99 138 95 81 120 
56 71 68 121 108 107 47 32 88 122 23 6 106 139 56 45 51 23 68 50 
147 136 91 56 10 13 101 80 94 143 91 145 28 149 105 64 135 77 74 104 
6 67 77 105 52 36 118 148 129 111 39 108 140 25 60 32 89 146 100 12 
22 79 22 36 127 3 26 20 85 102 101 97 101 51 135 43 72 66 116 128 
11 25 138 146 39 144 6 76 2 58 138 21 86 8 77 28 79 97 99 80 
45 78 112 76 69 27 141 147 135 131 56 134 54 119 9 56 71 45 115 116 
110 147 35 90 127 149 5 86 138 75 93 127 80 137 5 132 53 0 4 139 
88 15 8 110 40 49 147 107 54 4 137 135 49 42 63 62 82 83 51 79 
37 83 100 64 133 7 118 60 68 58 91 132 137 134 99 1 19 83 6 42 
140 87 12 10 120 135 13 115 97 77 74 84 103 33 78 36 124 34 75 49 
112 134 24 42 54 22 5 13 12 23 134 10 72 103 47 122 100 37 117 106 
131 147 55 136 7 149 90 98 85 147 34 142 125 146 5 78 38 92 28 95 
142 37 106 17 103 43 5 146 9 124 54 65 89 106 59 42 149 25 136 111 
147 18 113 27 112 146 9 91 30 90 34 115 136 73 116 144 36 137 16 43 
149 71 44 127 85 100 40 85 125 18 18 106 129 8 141 75 86 130 116 20 
84 97 78 36 54 50 23 114 61 140 100 104 83 16 91 120 45 6 88 6 
57 16 7 28 99 74 55 141 140 132 108 46 67 90 67 57 134 46 62 52 
139 126 45 6 64 0 86 29 76 22 129 51 62 126 14 7 20 38 12 94 
61 130 50 43 106 61 97 89 8 140 52 79 68 119 7 84 97 127 75 13 
109 21 142 139 36 71 51 84 129 58 86 119 97 4 148 2 5 38 32 115 
66 81 129 23 77 121 113 32 140 66 138 19 39 113 109 1 21 33 14 38 
12 34 9 101 124 83 109 114 49 145 22 91 16 77 2 115 91 138 110 117 
55 137 74 72 89 141 48 104 84 18 91 22 118 24 126 37 83 91 45 18 
115 24 52 96 106 24 66 131 44 140 84 146 26 127 5 68 91 141 115 141 
121 109 0 117 66 143 74 114 5 107 2 16 125 96 82 89 46 45 3 102 
101 76 53 34 149 50 55 46 125 20 86 145 43 73 132 56 146 60 76 142 
0 140 145 52 100 65 136 111 10 84 29 134 50 32 6 136 84 140 17 82 
16 16 88 125 51 60 0 32 121 93 38 104 93 45 30 88 117 20 145 83 
15 96 83 40 132 89 139 83 17 79 3 29 13 100 2 145 61 51 118 13 
13 57 4 126 17 111 79 14 66 31 92 48 22 105 137 107 58 114 112 110 
46 15 130 115 96 40 147 92 64 94 134 70 15 100 6 6 102 96 133 111 
17 115 45 25 54 48 19 29 88 71 92 97 147 9 102 71 58 22 9 47 
49 99 70 120 86 34 112 115 103 135 41 149 17 8 94 19 131 79 108 107 
9 56 149 75 126 24 7 74 34 28 96 145 81 14 49 18 138 57 93 104 
55 47 67 55 141 93 33 147 79 36 55 133 4 30 52 104 29 38 120 104 
122 76 1 115 86 31 80 25 110 114 88 7 140 88 31 147 142 18 20 131 
61 69 131 140 83 122 63 2 52 78 121 148 97 145 56 122 136 94 27 94 
83 97 40 35 114 73 87 3 18 80 105 116 58 12 106 18 1 142 126 6 
2 34 23 120 62 0 125 61 0 145 88 120 1 83 48 142 98 34 95 37 
62 143 108 59 21 66 72 32 141 133 38 115 26 66 148 39 83 55 47 46 
69 125 17 87 20 30 42 135 139 123 30 73 127 36 131 135 72 45 129 35 
113 35 85 133 86 46 98 135 52 71 110 82 36 38 119 136 92 65 78 148 
146 136 11 26 47 121 102 45 102 64 39 22 7 120 20 4 9 130 98 141 
110 60 41 67 133 25 136 49 75 140 126 56 22 3 136 117 65 142 95 116 
6 86 37 148 26 64 35 15 8 90 10 114 4 12 102 38 6 75 30 149 
79 79 63 38 117 21 45 141 19 89 8 65 62 123 131 70 47 53 58 58 
65 79 16 89 113 71 141 59 31 22 114 16 38 20 118 149 55 100 94 36 
78 56 27 113 23 121 77 123 61 73 34 52 87 67 113 3 26 45 145 113 
6 70 9 55 146 83 73 52 29 69 126 143 85 15 21 144 7 21 87 49 
19 46 15 2 142 53 7 140 59 7 86 9 15 36 69 109 113 35 128 51 
118 69 6 131 78 124 145 93 74 116 24 61 135 22 121 7 145 74 88 83 
108 45 72 33 81 103 132 0 140 30 8 55 2 58 68 57 111 120 78 106 
63 32 142 82 67 70 8 74 87 94 33 64 114 64 46 90 75 5 113 117 
92 131 119 30 68 78 148 70 79 141 16 137 108 126 125 109 118 70 135 114 
106 147 56 134 60 1 8 128 94 139 124 26 94 40 89 122 69 1 102 94 
123 139 59 127 37 86 116 27 19 73 49 14 65 44 36 119 28 26 8 2 
96 137 65 38 16 88 132 24 83 15 106 6 62 16 74 129 142 34 72 149 
146 26 32 2 25 16 65 2 9 5 17 44 104 93 74 49 72 121 133 63 
117 43 123 60 125 74 135 101 122 8 95 76 20 41 38 129 72 77 143 8 
104 22 126 137 66 3 90 112 139 3 129 99 22 102 2 69 54 129 134 138 
124 126 113 84 22 48 103 53 57 18 33 137 145 129 61 44 109 11 7 126 
122 95 142 22 28 46 61 85 85 29 116 132 56 108 49 20 46 74 70 76 
56 133 145 124 91 38 88 114 104 27 103 92 54 23 2 25 61 92 24 99 
35 90 96 128 5 54 91 109 31 29 2 33 92 32 62 149 11 97 55 140 
19 109 78 89 78 130 71 28 140 6 98 44 145 75 10 48 116 130 65 64 
26 72 29 93 82 5 86 33 5 137 132 38 115 14 118 149 82 108 96 88 
128 138 145 9 19 144 62 19 99 118 117 58 43 111 103 40 136 26 3 54 
0 118 123 147 146 66 30 65 52 50 17 73 36 18 97 79 124 28 10 8 
25 17 112 134 2 69 12 70 111 135 140 61 114 100 10 45 67 4 37 117 
115 92 138 73 115 129 87 88 69 36 30 9 140 121 19 31 126 120 61 54 
93 84 107 49 36 79 100 7 5 15 84 49 44 92 70 119 67 63 103 67 
27 110 55 3 141 112 126 54 122 34 66 0 43 45 52 47 121 111 44 9 
16 35 39 18 107 18 104 100 82 149 70 85 48 92 16 82 129 116 59 108 
83 49 85 107 120 121 142 80 77 106 95 136 3 2 118 85 85 78 28 10 
101 99 114 135 26 57 37 41 38 43 146 133 143 68 123 85 59 96 131 111 
89 34 123 149 81 149 92 56 100 87 90 119 73 88 117 83 100 58 6 138 
113 70 66 8 35 23 129 98 106 70 75 46 33 88 119 96 90 25 69 19 
91 97 145 4 108 108 94 91 141 87 100 32 75 86 38 58 130 85 13 34 
3 27 135 26 20 136 131 120 99 148 77 99 35 123 87 101 81 17 133 121 
76 29 31 94 92 117 0 28 16 34 49 57 140 131 123 41 81 149 39 149 
75 49 113 45 26 51 124 83 39 35 124 145 95 20 83 67 42 102 74 123 
140 105 118 20 43 130 6 115 114 130 108 58 24 8 111 67 117 28 40 49 
80 70 140 62 50 64 75 134 32 61 6 118 94 126 86 116 42 88 88 115 
62 97 96 9 2 71 106 10 107 16 0 70 95 25 98 24 124 143 129 136 
13 66 108 84 101 111 105 65 24 132 89 82 74 50 75 137 76 50 74 114 
137 145 75 29 51 88 44 94 106 25 21 40 84 119 29 45 58 7 95 74 
38 6 120 132 16 72 7 103 21 55 89 25 79 128 89 27 144 90 98 4 
117 42 130 18 148 56 40 32 43 39 1 43 127 119 93 33 31 142 85 126 
142 30 16 11 67 7 70 45 116 121 32 82 6 41 70 65 145 93 63 71 
42 85 17 62 31 117 21 2 72 28 80 129 124 149 53 101 144 91 114 133 
20 144 88 127 63 102 108 2 53 49 108 75 140 38 73 45 101 105 8 123 
137 141 76 130 59 120 35 143 81 24 2 0 121 25 9 130 144 122 36 140 
65 52 54 32 83 138 5 110 95 23 92 109 37 93 47 134 89 18 38 48 
130 29 7 13 110 147 146 71 82 44 92 98 136 53 49 88 123 125 101 40 
139 96 62 75 74 128 35 53 81 77 100 48 70 44 116 129 26 138 65 22 
52 112 121 67 28 15 79 109 82 139 86 119 135 40 66 132 135 72 53 61 
46 41 50 82 22 111 120 63 15 145 20 10 28 20 21 146 4 114 99 110 
69 52 135 21 144 130 82 111 145 1 116 83 60 58 22 45 56 14 102 34 
55 12 121 41 125 90 125 11 117 132 83 137 143 0 29 118 74 134 79 85 
10 105 61 92 74 100 116 110 1 9 59 73 67 100 75 6 90 148 5 7 
49 91 10 82 36 69 120 29 75 119 9 51 31 74 7 125 101 133 69 38 
14 13 124 34 20 1 47 24 111 117 115 140 79 55 128 11 32 77 10 89 
116 37 98 98 104 148 65 21 83 125 91 114 147 112 104 126 4 58 71 84 
38 116 66 106 30 29 87 129 89 93 104 1 134 20 37 36 102 82 28 66 
122 93 108 129 33 137 23 97 146 94 51 103 120 53 122 20 132 3 24 83 
57 65 32 130 117 16 40 118 76 28 29 44 3 149 83 3 110 90 27 10 
77 132 143 87 63 111 15 99 51 18 81 108 53 58 88 128 64 57 122 21 
122 106 67 110 148 143 134 141 19 2 112 11 11 43 5 131 51 110 48 121 
92 144 134 85 0 5 105 73 50 88 89 110 67 82 98 10 45 19 98 139 
121 101 95 123 37 149 50 107 84 134 77 112 91 104 146 62 87 101 51 32 
65 38 145 78 94 126 78 145 28 5 149 107 62 101 149 127 142 3 45 142 
67 149 76 5 42 98 103 15 97 123 15 99 137 69 81 20 103 68 2 128 
56 81 95 36 129 131 78 9 52 139 8 138 4 72 8 6 21 147 103 11 
74 19 7 55 99 38 61 95 135 142 32 76 17 103 67 149 54 117 12 14 
129 93 127 4 12 81 39 76 97 49 89 124 36 12 87 107 53 141 132 129 
27 11 52 96 96 33 147 4 132 102 95 76 24 81 145 123 32 143 102 69 
132 39 37 149 35 29 4 52 149 0 132 145 43 121 99 90 104 77 55 69 
100 78 128 22 118 85 74 134 51 134 37 115 39 131 24 109 0 46 10 127 
33 121 11 68 96 50 113 111 96 58 144 71 95 2 146 20 54 3 10 136 
69 85 116 13 135 92 68 115 70 136 125 146 94 12 82 115 5 76 101 23 
106 80 93 140 91 64 73 7 0 99 72 85 12 2 68 74 52 148 135 138 
112 37 122 142 50 93 119 131 70 141 45 34 114 85 79 99 82 136 119 100 
43 35 16 108 38 49 125 46 19 131 64 102 120 37 48 27 148 101 38 63 
103 55 141 117 12 105 131 95 118 22 44 20 138 71 95 123 143 65 68 35 
137 99 149 142 104 74 31 16 29 122 6 18 125 42 110 61 82 78 72 49 
127 26 98 78 77 138 25 44 125 139 21 40 40 16 131 48 147 51 7 51 
110 107 77 109 103 126 40 73 74 4 69 56 85 99 148 80 123 108 16 34 
123 81 104 33 41 72 60 137 114 118 144 129 23 59 7 91 35 77 73 122 
128 35 49 67 9 143 117 65 140 141 69 38 104 126 112 41 93 9 70 147 
12 78 50 59 42 140 39 94 142 120 36 146 64 86 71 43 16 24 145 88 
99 77 54 4 131 146 57 135 64 0 32 123 93 12 82 33 39 118 39 133 
59 87 45 45 112 139 35 48 129 7 30 54 101 140 93 68 12 127 73 72 
133 135 136 120 57 2 39 106 126 124 2 137 135 49 116 90 17 106 121 125 
20 92 115 47 108 84 81 129 132 5 62 89 23 120 142 132 96 30 19 22 
115 1 136 55 24 27 104 129 82 101 119 137 101 76 104 73 11 47 45 25 
85 62 129 110 68 123 129 9 62 24 24 32 125 15 93 146 82 18 134 11 
72 86 16 89 51 104 133 94 76 148 4 133 18 134 67 114 66 64 116 146 
73 98 110 46 41 141 66 89 120 105 48 51 131 21 25 78 123 104 109 130 
38 41 89 103 48 117 104 27 140 147 6 123 139 12 86 29 138 39 35 91 
117 120 10 47 31 82 106 139 84 53 60 12 32 142 143 113 123 61 140 92 
93 70 19 49 12 26 145 86 6 103 14 148 108 128 38 123 5 61 143 17 
43 27 14 90 16 101 39 44 136 62 74 33 40 101 83 135 78 33 137 34 
77 71 22 113 9 90 118 82 48 116 40 77 58 121 106 5 51 84 120 105 
107 99 80 25 103 139 94 138 14 123 48 8 30 87 114 13 13 2 20 78 
16 104 116 149 27 37 37 109 32 105 55 126 87 16 14 55 90 146 32 135 
143 36 96 88 56 103 64 99 41 25 74 24 144 13 99 26 97 84 147 76 
93 94 92 111 19 75 89 96 131 71 118 63 66 130 6 109 140 109 34 46 
59 53 6 91 143 146 33 100 7 85 12 67 69 115 103 73 41 116 149 15 
118 93 88 97 111 141 24 113 125 107 70 121 77 108 36 125 21 26 149 19 
141 111 12 59 85 13 130 114 36 83 132 88 39 5 120 40 118 41 78 35 
137 70 74 97 54 53 94 112 15 4 0 52 14 129 144 26 63 78 98 29 
51 99 3 142 80 116 140 98 108 80 3 1 12 144 49 135 5 122 139 8 
2 129 90 110 96 127 94 122 136 123 104 33 56 101 41 34 81 122 79 102 
76 130 69 138 129 135 102 10 127 24 60 99 142 55 93 15 128 122 34 26 
148 123 101 87 38 47 102 125 100 28 55 43 130 56 81 139 15 21 127 64 
140 113 89 60 88 113 20 88 121 14 3 4 22 116 4 136 25 74 68 2 
120 109 38 82 41 24 50 66 122 54 52 100 16 26 86 2 87 101 51 99 
67 102 65 131 43 60 108 89 108 134 121 56 136 137 21 90 72 18 123 103 
81 112 96 13 1 15 104 135 83 114 4 87 53 134 133 22 71 44 70 57 
88 129 47 40 123 1 43 26 81 50 48 113 103 61 93 32 1 14 99 66 
112 84 99 2 62 91 109 0 30 19 85 62 115 61 67 61 13 121 56 145 
93 100 93 64 42 144 83 136 52 25 109 103 57 6 43 129 51 70 95 78 
141 59 70 65 94 128 8 134 88 83 138 137 135 80 132 65 130 71 75 52 
54 46 62 104 95 25 44 149 144 129 32 9 116 29 111 133 30 96 132 83 
123 139 130 135 87 20 89 129 10 121 97 89 113 144 21 105 115 63 134 49 
87 115 64 108 111 133 96 93 37 131 5 101 51 90 2 145 120 61 110 67 
123 84 33 141 1 78 37 129 0 15 109 72 11 2 20 23 64 137 0 110 
141 78 93 111 21 18 98 33 133 145 9 72 118 3 114 95 49 50 146 92 
94 5 59 18 35 1 18 97 56 37 135 109 14 83 1 90 25 74 46 50 
138 81 121 67 74 84 115 94 102 19 70 117 69 74 37 130 145 66 144 49 
112 85 65 121 52 41 4 73 83 52 11 79 124 109 83 15 95 0 76 41 
47 113 21 136 112 40 34 6 18 22 119 116 18 41 59 116 3 29 48 67 
45 3 30 20 25 34 121 33 35 87 43 27 48 124 142 68 50 144 131 86 
95 108 3 47 92 71 119 57 121 72 11 41 2 1 23 15 56 130 61 115 
73 0 28 135 53 12 32 26 7 39 142 49 126 61 142 81 60 0 88 80 
20 145 29 18 41 12 134 133 20 132 100 10 14 141 49 36 15 83 79 27 
104 28 119 134 110 18 117 147 25 56 10 113 98 40 19 94 99 93 105 14 
137 8 106 111 14 147 143 129 37 130 85 64 34 126 65 118 34 97 98 147 
5 32 81 87 127 96 9 74 49 53 51 41 54 129 15 115 50 32 83 19 
146 139 28 88 141 103 6 120 120 49 5 24 28 87 84 29 139 98 23 138 
65 2 41 35 63 11 116 77 133 30 15 82 82 131 35 40 112 106 52 98 
63 26 47 64 65 143 107 37 118 138 74 70 83 45 28 109 133 21 87 10 
149 123 133 5 97 63 86 134 9 34 50 20 89 7 118 106 135 42 122 83 
35 133 77 49 61 40 35 100 29 23 106 135 145 9 36 31 89 99 101 107 
45 19 84 27 105 60 83 2 50 3 38 148 125 19 4 40 93 7 57 69 
25 149 40 46 148 117 96 109 80 29 31 107 69 38 25 49 70 64 110 55 
82 65 18 70 37 64 109 103 144 100 91 101 44 27 41 60 46 124 33 48 
140 81 70 54 135 53 95 9 114 82 117 80 118 132 13 90 11 132 35 67 
95 21 18 55 133 71 96 20 38 144 108 127 135 27 125 55 100 92 54 18 
40 124 79 15 54 21 72 144 17 9 10 22 52 124 27 47 70 41 17 41 
17 68 15 21 55 77 64 33 37 32 149 112 132 85 92 85 80 134 120 28 
138 74 84 33 53 25 122 32 60 115 130 64 23 72 136 108 88 81 65 126 
12 113 128 19 51 41 115 26 18 121 98 87 131 39 89 2 130 74 81 142 
118 50 0 84 106 30 40 23 149 68 35 134 105 44 44 108 100 19 68 149 
147 80 49 148 84 19 32 90 38 20 97 133 140 72 145 140 27 100 82 147 
49 100 30 146 104 131 55 1 82 89 17 70 76 93 106 123 116 107 86 66 
33 43 72 14 148 71 87 11 59 70 36 77 91 53 23 128 91 147 49 81 
73 110 71 128 143 90 53 84 116 97 13 122 95 24 88 22 127 119 83 66 
105 94 146 74 91 39 98 47 66 10 141 123 115 55 106 38 46 68 62 44 
126 65 93 123 119 74 18 19 22 20 11 115 75 79 144 37 45 80 49 50 
51 144 111 103 142 9 148 6 63 19 39 105 111 101 60 127 76 39 122 52 
124 46 99 23 112 23 14 121 8 120 81 106 48 149 45 47 116 143 98 142 
31 4 45 144 50 99 1 31 98 95 25 95 84 133 100 149 117 47 59 91 
131 149 98 24 87 9 62 95 129 9 24 17 16 68 27 144 49 146 142 73 
96 17 111 118 48 31 133 74 88 134 18 118 25 54 44 21 110 111 72 1 
0 142 30 125 80 101 20 148 27 130 105 82 125 14 112 54 42 109 88 105 
16 16 71 80 64 91 26 86 135 133 1 74 126 142 59 51 146 77 7 87 
27 120 5 27 87 10 83 53 137 83 41 85 121 27 78 80 84 61 29 3 
30 8 30 98 32 91 120 116 63 18 65 34 109 124 91 135 58 60 98 135 
78 101 71 105 101 46 122 109 31 137 120 75 134 52 127 96 38 102 47 139 
45 98 1 18 23 57 69 23 15 68 33 110 9 25 146 39 33 18 9 68 
111 17 103 116 88 126 143 32 126 10 38 7 30 104 78 61 68 71 23 98 
107 58 69 95 51 39 16 6 139 25 25 32 128 21 16 12 87 8 88 30 
105 140 49 19 7 53 63 56 135 133 148 143 99 12 56 66 135 69 71 114 
49 8 97 14 64 62 7 122 77 142 70 149 98 21 86 92 2 17 124 138 
93 89 38 64 146 18 146 8 87 145 18 147 75 97 21 37 93 57 70 49 
96 139 2 12 70 31 76 91 75 145 149 66 124 106 77 122 86 108 146 9 
132 108 138 144 4 80 77 49 69 68 24 101 111 55 116 77 13 62 80 18 
28 39 113 141 23 96 131 90 81 135 32 82 32 50 44 2 57 1 18 33 
23 144 69 126 83 83 132 62 36 25 52 12 24 145 96 2 73 58 105 27 
58 111 31 100 20 80 53 77 109 66 97 118 18 27 131 15 52 113 21 76 
136 24 92 91 59 47 112 48 142 48 42 36 20 117 79 24 81 138 106 61 
100 97 108 139 105 131 68 14 1 116 144 17 45 117 139 113 100 24 144 99 
125 130 67 124 49 136 74 57 85 15 58 125 130 132 111 37 120 112 91 28 
111 112 146 76 0 8 21 41 148 22 98 50 58 28 95 42 88 10 73 27 
93 95 104 113 132 125 104 45 121 148 18 34 70 41 138 32 119 37 16 132 
12 84 131 37 144 102 61 114 142 19 84 97 130 3 141 6 61 97 37 52 
115 13 17 117 149 1 93 38 32 54 87 12 12 72 137 124 41 58 18 51 
77 123 52 111 30 89 51 115 87 78 29 21 137 113 27 38 27 64 96 25 
82 81 89 19 19 147 12 106 110 102 5 111 70 80 41 100 139 138 124 1 
105 140 139 75 132 54 53 130 130 11 6 108 137 101 27 30 72 97 57 146 
14 5 49 106 60 65 35 88 135 34 63 73 126 63 77 126 72 7 129 116 
77 125 100 98 25 130 107 113 46 66 142 55 51 7 80 103 147 102 55 134 
135 144 146 140 36 147 105 107 128 8 81 46 149 22 142 113 58 52 141 91 
126 124 7 108 96 108 82 13 127 131 141 129 137 100 87 109 100 4 40 97 
127 129 146 39 38 131 148 142 71 97 93 63 56 29 93 51 16 94 38 138 
25 21 121 80 33 116 149 106 59 66 118 59 95 34 28 94 32 116 58 116 
13 63 31 86 10 66 99 22 60 83 123 116 106 146 74 58 46 120 20 66 
19 78 127 88 84 9 17 128 130 21 91 40 93 94 109 57 40 123 72 47 
100 75 62 132 19 140 101 5 5 76 137 63 29 16 28 95 59 136 6 20 
93 106 92 11 33 38 67 145 109 99 47 45 92 102 67 140 103 55 105 102 
56 45 12 147 50 139 115 55 77 97 27 3 76 15 75 146 131 103 15 113 
110 16 31 127 133 78 134 53 94 26 74 8 35 52 135 91 136 93 20 114 
94 107 12 54 146 141 6 26 116 133 133 11 26 55 115 106 48 18 69 141 
24 117 100 84 95 75 125 44 37 65 62 139 108 60 32 136 95 122 35 98 
59 19 38 66 123 0 110 41 143 48 56 118 18 62 65 19 77 121 64 42 
100 49 78 61 77 86 75 106 65 33 3 55 76 103 15 45 77 30 81 130 
33 97 23 131 113 44 99 26 140 12 141 29 148 148 128 77 75 60 19 80 
73 97 102 115 82 123 105 137 107 59 30 91 111 44 44 75 139 105 56 124 
117 106 98 60 30 50 88 66 67 28 123 93 48 82 76 13 48 35 116 57 
30 16 61 141 133 29 85 100 141 43 38 38 36 57 109 27 10 126 140 91 
64 66 74 142 148 112 142 66 58 77 59 92 139 113 148 96 50 146 46 128 
8 86 87 103 23 1 91 95 80 144 50 143 104 144 104 142 24 19 31 93 
77 51 2 123 38 111 134 51 5 0 82 56 36 110 117 143 127 92 110 90 
8 75 39 69 41 89 35 106 139 73 69 73 44 27 145 86 95 52 116 57 
22 114 48 108 122 108 140 57 97 81 136 46 6 117 64 40 17 5 111 33 
53 89 26 142 79 90 77 40 86 143 47 103 20 10 5 59 21 71 42 82 
42 20 125 131 68 88 101 2 107 15 125 130 101 2 50 88 47 72 40 19 
67 43 60 106 42 43 149 82 99 73 93 133 44 106 86 25 114 100 132 72 
145 53 9 45 147 8 19 134 86 123 44 32 40 75 96 139 148 15 62 118 
119 19 82 13 137 90 16 133 140 21 36 77 145 6 113 149 70 106 133 16 
55 57 71 61 1 110 16 13 88 128 47 84 138 99 20 49 15 66 115 82 
74 28 137 0 98 93 108 107 121 8 82 67 15 6 20 62 104 102 97 36 
93 16 28 6 74 65 23 60 28 136 119 8 138 132 121 66 23 112 86 20 
116 92 118 108 76 12 146 31 53 54 38 47 122 95 61 115 87 21 87 104 
28 90 64 16 44 31 65 56 134 115 56 115 0 134 39 52 61 107 7 107 
77 36 143 85 112 131 27 99 6 1 135 96 59 26 11 108 90 114 147 75 
7 33 15 127 44 30 55 118 84 83 61 16 103 48 0 141 110 73 23 139 
132 23 137 28 139 3 37 40 63 127 101 3 13 130 14 149 48 3 98 17 
140 118 124 142 148 6 34 148 126 117 135 7 27 21 55 80 20 45 108 59 
48 142 8 27 116 33 5 28 140 11 40 67 102 69 93 148 76 110 107 113 
146 140 118 76 136 10 49 39 13 112 108 20 137 65 25 72 76 140 79 105 
60 27 84 75 135 26 140 148 129 40 83 67 37 23 95 53 94 136 134 102 
25 141 125 51 55 4 28 41 83 60 25 26 75 90 139 7 35 47 119 133 
14 128 13 48 76 140 27 109 66 15 115 87 73 76 0 103 103 79 9 93 
0 21 111 78 13 138 68 2 110 68 23 16 60 118 35 101 135 69 146 63 
46 89 144 54 69 69 27 88 11 95 102 93 90 147 15 74 134 125 53 42 
110 47 47 105 62 106 6 130 131 84 1 21 138 106 65 86 119 124 86 72 
102 2 121 80 125 130 58 99 137 67 78 62 31 134 143 108 40 37 38 77 
9 59 30 130 126 40 138 41 60 76 60 144 28 37 103 85 89 77 28 146 
54 118 146 75 13 133 41 148 96 83 109 77 73 101 107 145 102 85 110 2 
71 145 20 73 38 67 25 13 62 124 149 30 28 45 133 33 127 95 100 85 
40 22 138 21 43 146 123 11 8 116 50 89 77 147 122 128 89 22 143 8 
99 128 16 60 42 145 67 127 54 104 92 2 126 144 145 74 148 133 144 31 
25 20 47 118 98 67 94 122 67 38 91 139 68 60 112 0 12 34 27 25 
117 140 47 90 90 5 34 143 114 64 100 98 32 25 70 73 148 1 64 27 
73 110 14 117 17 70 19 105 147 127 15 100 138 119 63 148 44 109 0 56 
105 10 28 13 120 82 32 16 37 81 114 51 80 135 52 123 53 44 27 88 
54 102 66 118 147 71 87 83 12 62 70 101 5 35 36 67 91 113 148 32 
67 3 96 63 44 107 75 116 79 32 58 2 44 71 6 98 55 44 94 24 
128 51 31 140 53 125 78 9 139 120 149 62 138 113 0 41 14 55 44 61 
125 134 6 108 97 144 59 123 115 146 72 58 123 126 96 106 55 95 137 93 
141 89 88 139 27 22 2 46 32 21 35 29 34 97 118 39 149 115 22 92 
12 107 131 98 54 21 40 109 108 75 127 68 64 5 105 139 7 55 146 73 
141 99 34 84 126 136 111 72 119 8 11 50 4 85 53 112 108 122 90 101 
37 12 97 69 91 148 60 55 25 40 130 131 88 95 88 11 34 147 55 21 
2 50 11 117 15 39 1 123 115 9 3 2 81 35 139 107 44 35 64 12 
127 134 105 95 85 99 88 55 15 41 6 109 119 27 112 148 79 93 31 101 
51 146 48 79 138 56 41 101 113 81 101 19 36 77 42 141 105 35 108 99 
61 130 74 84 88 13 106 143 123 121 31 102 53 149 23 50 86 50 16 92 
46 14 103 81 102 9 133 22 132 139 92 104 69 90 136 65 5 62 122 126 
105 25 110 56 88 96 18 64 63 146 126 15 35 81 79 6 138 116 88 148 
65 99 72 133 118 79 43 116 28 11 90 124 41 97 47 19 81 132 89 5 
3 149 90 91 68 145 17 45 117 70 138 86 125 52 32 95 28 55 96 70 
91 63 96 28 127 3 74 36 86 15 147 118 66 18 94 54 113 79 115 22 
143 107 117 126 67 130 57 69 36 8 100 22 74 35 28 114 58 99 77 42 
21 90 139 86 43 143 46 71 78 94 18 2 143 46 77 67 35 3 22 76 
35 111 16 54 54 42 93 0 50 116 109 84 98 100 32 116 85 43 103 124 
21 48 61 125 143 103 123 66 23 85 53 62 117 34 19 57 66 104 84 131 
115 22 30 60 87 15 95 43 71 142 65 99 8 148 66 20 146 93 103 117 
33 110 64 144 115 14 24 61 125 100 17 72 149 117 68 113 58 79 119 36 
75 24 46 87 17 82 121 90 101 135 25 23 47 106 138 67 43 88 84 57 
39 44 10 81 103 65 137 90 21 27 47 110 134 41 49 141 40 40 6 63 
98 23 90 12 75 21 95 46 28 104 101 23 63 98 146 37 28 12 68 82 
34 14 6 69 108 127 80 1 76 142 66 124 94 105 102 69 38 84 71 6 
35 68 99 60 63 108 135 65 112 54 102 34 115 60 63 24 42 84 31 48 
40 124 1 31 102 143 96 70 101 5 129 28 114 57 73 149 16 68 85 74 
114 87 29 68 111 2 72 42 87 142 97 38 72 88 113 83 98 31 0 96 
109 9 79 67 74 56 21 39 25 38 59 69 131 39 7 129 113 4 85 100 
143 99 144 2 108 134 127 122 7 46 92 122 0 8 119 71 133 127 73 55 
44 8 125 44 91 34 2 83 124 36 63 131 1 3 105 26 146 128 101 11 
110 130 53 27 91 141 2 9 26 19 34 113 130 21 17 99 17 65 61 125 
8 12 100 74 15 99 120 5 111 71 30 87 119 107 135 116 92 82 49 106 
44 74 144 20 9 33 6 43 141 72 55 137 7 48 128 96 120 47 79 124 
89 109 14 79 22 119 58 67 13 22 68 33 77 120 28 104 114 97 3 74 
126 113 141 42 142 54 130 99 75 75 93 91 12 21 87 40 138 54 113 117 
36 11 119 113 56 85 50 54 40 72 103 15 45 56 76 107 46 46 80 46 