10000
41 67 134 100 169 124 78 158 162 64 105 145 81 27 161 91 195 142 27 36 
191 4 102 153 92 182 21 116 118 95 47 126 171 138 69 112 67 99 35 94 
103 11 122 133 73 64 141 111 53 68 147 44 62 157 37 59 123 141 129 178 
116 35 190 42 88 106 40 142 64 48 46 5 90 129 170 150 6 101 193 148 
29 23 84 154 156 40 166 176 131 108 144 39 26 123 137 138 118 82 129 141 
33 115 39 58 104 130 177 106 73 186 21 145 124 72 70 29 177 173 97 112 
186 90 161 36 155 167 55 174 31 52 150 150 141 124 166 30 107 191 7 137 
57 87 153 183 145 109 9 158 21 188 22 146 106 30 13 168 100 191 162 55 
10 159 24 137 148 83 195 41 2 150 91 36 174 20 196 21 148 199 68 84 
81 134 53 199 18 138 100 188 127 67 128 93 48 83 7 21 110 17 13 114 
109 16 135 51 0 49 119 156 198 103 24 8 44 9 189 102 195 85 93 143 
123 187 114 103 48 0 58 18 180 196 198 81 189 198 9 157 72 22 138 92 
38 179 190 57 158 191 15 88 156 111 2 34 72 55 128 46 162 86 75 33 
69 142 44 16 81 198 122 51 21 99 157 76 92 189 75 112 0 110 3 69 
61 88 1 189 55 23 2 185 182 85 88 26 17 157 32 132 169 154 121 189 
176 129 168 92 25 155 34 149 41 112 145 60 118 153 139 23 79 196 87 129 
149 37 66 149 193 195 97 16 86 105 88 82 55 134 114 101 116 71 186 63 
113 155 185 53 112 8 32 145 113 156 121 158 46 182 81 144 196 22 129 161 
135 50 173 66 44 59 92 39 53 24 154 110 145 49 186 113 74 22 168 18 
187 105 158 191 2 25 77 14 114 24 134 74 172 159 33 70 87 97 118 177 
173 70 163 68 192 185 102 80 13 27 2 99 127 25 143 124 23 172 61 181 
3 32 105 193 125 31 92 142 22 86 64 100 187 160 13 174 70 170 35 33 
111 160 96 67 85 150 140 94 95 24 19 125 176 94 58 102 171 66 78 193 
51 84 18 64 119 152 0 87 60 126 10 157 170 115 176 27 43 158 164 109 
82 86 165 87 177 74 25 27 29 128 23 120 102 162 123 196 137 61 195 125 
64 60 2 116 30 126 11 171 11 147 153 120 190 124 188 163 140 51 62 29 
100 113 158 178 165 7 77 0 58 39 103 160 157 124 77 108 113 87 1 50 
60 28 193 184 5 140 111 104 35 156 72 150 23 85 156 16 26 157 126 157 
137 71 69 161 96 22 17 112 117 96 185 41 23 129 29 165 159 132 96 55 
53 162 184 134 54 172 57 169 132 163 7 83 111 35 67 48 75 138 23 142 
154 111 141 175 59 25 21 70 26 134 5 183 50 198 79 101 193 134 37 134 
156 193 176 105 162 148 81 100 13 41 55 55 142 62 11 77 24 78 152 43 
96 73 40 113 75 72 18 10 17 132 112 95 169 31 40 88 85 90 97 189 
190 145 153 114 51 140 44 58 135 159 192 5 64 181 103 29 175 8 92 197 
149 156 161 27 67 141 129 40 13 174 1 77 15 83 13 192 24 1 192 159 
70 28 27 84 75 186 98 170 87 47 4 103 21 63 106 163 10 171 89 40 
164 142 19 113 191 104 18 32 150 5 175 139 103 22 98 47 184 48 171 64 
113 75 145 112 146 78 169 62 119 185 89 144 65 140 45 108 118 70 1 123 
132 72 152 87 170 163 101 103 23 127 0 169 15 165 28 143 147 88 143 37 
9 63 49 81 188 142 8 60 21 158 154 88 146 90 149 43 30 20 148 67 
136 183 35 26 185 38 53 29 24 148 123 159 57 166 144 155 118 126 11 25 
155 1 149 96 184 115 164 142 75 113 142 196 148 72 26 6 173 29 4 105 
26 12 175 93 165 36 136 141 14 194 56 52 136 38 82 155 15 131 30 41 
25 11 37 186 90 50 62 34 93 153 16 52 8 62 33 54 103 34 103 56 
148 124 117 13 109 28 0 80 118 58 50 155 161 64 103 76 43 109 102 161 
89 148 82 53 74 20 2 123 31 169 78 59 8 19 171 3 145 181 104 192 
85 113 98 189 122 138 37 10 61 34 108 161 159 93 115 69 137 69 58 100 
171 64 117 15 155 15 130 39 12 88 82 154 85 110 84 174 180 15 151 141 
115 79 110 98 73 188 177 132 156 89 113 8 141 190 123 163 28 184 178 0 
71 85 174 71 133 67 153 95 168 25 76 29 50 198 109 93 86 80 116 49 
67 128 79 64 21 5 26 16 116 126 66 87 81 164 140 86 21 62 121 64 
109 15 102 73 124 141 145 162 23 131 6 68 118 2 107 107 81 12 136 30 
114 9 84 156 90 93 196 152 54 145 108 48 91 112 131 114 39 158 122 104 
195 52 69 79 38 23 118 66 59 98 86 196 62 33 158 22 146 192 37 125 
47 58 2 7 98 30 92 0 78 199 152 48 82 140 115 175 162 167 136 197 
18 97 28 51 16 30 49 125 58 29 120 140 160 147 162 55 75 192 161 154 
198 146 114 146 188 169 38 63 75 115 121 75 15 128 34 170 105 64 157 162 
161 124 149 69 130 123 150 133 125 110 137 136 137 78 193 36 114 164 191 149 
135 105 137 4 137 23 64 170 8 168 81 85 152 173 52 194 76 26 196 172 
49 40 174 19 143 11 141 89 19 165 5 185 16 50 15 9 64 166 93 74 
109 100 95 173 189 161 172 168 158 31 68 26 110 22 174 179 110 152 182 191 
95 164 74 164 102 55 60 74 172 21 122 147 177 189 5 195 194 150 143 154 
81 12 72 39 28 112 162 167 8 15 108 23 159 34 4 86 119 158 145 6 
166 100 167 92 187 132 156 174 47 21 83 22 131 176 183 148 123 182 18 176 
20 111 182 56 90 125 124 86 77 169 43 134 77 68 68 191 196 183 28 127 
26 71 97 12 103 27 8 145 108 185 38 37 43 113 101 50 128 111 50 149 
192 54 69 81 65 67 113 193 34 72 172 30 101 42 177 77 170 102 164 181 
190 23 37 23 179 195 169 127 42 110 182 58 126 87 70 128 51 58 13 60 
183 86 142 10 72 128 34 41 118 103 67 65 138 81 57 150 14 198 58 61 
63 156 7 78 89 35 165 75 186 186 33 160 130 48 128 92 33 40 166 135 
10 199 37 92 182 128 152 169 44 194 8 52 47 32 135 8 64 97 43 49 
15 41 189 100 12 48 123 51 74 33 91 0 54 190 97 119 180 178 131 144 
140 87 99 125 83 138 92 193 52 11 160 34 40 97 185 129 140 5 191 192 
10 149 178 179 171 77 73 193 20 97 26 76 190 182 178 159 18 89 159 49 
124 72 180 8 167 8 77 103 170 7 196 74 122 11 19 161 56 90 163 83 
116 132 52 141 154 13 62 196 60 15 104 199 136 80 198 32 187 184 40 117 
6 70 41 82 49 123 158 105 21 95 96 116 78 178 179 58 177 150 7 129 
81 195 78 76 153 99 184 165 93 8 172 43 129 114 168 55 191 173 122 148 
51 186 144 46 177 117 29 116 74 191 69 112 146 93 91 15 149 57 40 52 
36 151 87 26 162 155 183 194 180 97 65 65 113 61 178 78 78 140 11 147 
45 170 175 89 150 149 133 65 14 82 7 32 96 167 122 82 10 41 31 187 
105 79 121 138 151 47 8 46 76 159 189 22 66 86 55 28 14 60 53 177 
148 103 61 31 82 55 197 106 152 21 96 81 21 55 147 124 118 135 176 174 
59 198 74 53 122 35 43 88 153 32 147 80 126 78 50 1 161 199 55 163 
116 173 161 45 73 74 150 153 181 87 99 110 43 65 172 129 181 112 76 181 
47 90 71 5 172 32 189 120 165 31 58 93 6 178 148 6 171 166 196 97 
20 94 129 188 109 184 169 178 17 15 26 84 168 106 128 97 118 190 199 185 
86 199 20 110 71 13 15 85 118 180 131 67 187 44 186 107 160 27 74 31 
152 71 68 93 85 137 111 4 77 6 168 22 13 0 142 137 38 188 155 89 
47 181 93 184 187 161 93 17 101 82 47 65 153 104 84 95 125 21 164 181 
72 106 56 143 193 80 80 68 11 113 168 51 16 79 168 40 131 133 179 63 
59 53 136 95 165 74 120 35 80 176 55 125 71 8 159 156 2 32 105 40 
175 162 85 162 80 36 197 2 108 80 140 76 58 93 140 146 74 173 97 80 
135 72 0 107 155 66 141 188 81 168 115 196 25 9 12 136 55 162 43 142 
21 122 112 48 18 168 117 114 50 90 135 159 169 95 103 40 179 199 105 191 
61 81 52 153 33 29 187 42 53 83 20 14 118 44 63 29 52 64 169 70 
5 47 194 87 126 76 123 140 79 190 188 110 71 145 21 70 183 189 155 178 
179 6 62 135 87 196 33 88 135 179 193 190 162 165 1 105 7 167 69 134 
71 57 198 145 197 18 38 44 172 163 28 64 1 123 90 4 1 27 197 92 
171 163 101 163 121 165 21 45 10 95 141 22 12 151 15 55 193 138 79 82 
8 54 22 107 45 138 144 90 139 154 4 23 25 78 124 181 130 133 23 194 
130 46 187 45 5 16 150 89 138 163 135 97 9 30 24 108 137 74 120 172 
93 55 134 161 56 6 184 75 182 119 141 32 84 179 79 83 67 36 125 118 
137 28 119 177 137 91 156 195 60 101 193 32 136 180 75 107 184 74 119 190 
76 41 151 129 90 174 72 191 189 187 90 39 93 53 63 81 103 5 176 79 
95 139 68 198 83 39 115 21 193 26 122 38 28 181 199 178 91 23 143 34 
43 149 102 107 102 141 87 146 91 37 13 0 16 90 162 135 126 10 77 182 
60 189 105 74 63 122 195 166 160 38 188 11 45 67 25 67 189 142 63 147 
102 17 99 23 26 3 48 51 170 36 58 167 56 5 131 162 19 175 156 131 
95 44 191 3 188 115 50 119 72 191 183 133 175 42 169 100 154 78 185 57 
133 93 90 103 150 33 122 71 11 190 138 41 58 47 152 58 79 102 83 190 
2 168 22 95 135 8 161 142 194 99 188 178 42 157 141 47 69 145 180 113 
164 110 61 185 73 104 62 103 102 69 154 129 152 74 149 130 44 44 49 118 
65 163 152 173 70 131 147 111 69 198 98 103 152 79 53 43 122 88 163 34 
50 22 40 111 92 51 180 77 16 76 178 20 15 148 198 179 35 57 83 62 
102 62 20 170 22 73 41 86 88 117 117 92 98 67 149 65 189 132 19 81 
3 130 28 31 189 152 30 172 64 7 95 28 81 90 10 177 71 36 59 43 
40 33 37 93 30 74 193 182 3 61 90 62 107 197 151 23 90 117 40 103 
166 83 61 59 45 186 51 165 1 40 9 97 83 50 58 21 175 181 187 71 
87 199 104 179 138 100 130 61 118 5 140 28 59 22 198 160 98 135 81 14 
167 93 196 161 146 138 70 138 76 155 117 171 160 152 158 33 55 65 126 1 
34 159 193 148 73 192 193 133 137 103 90 11 94 68 27 98 189 48 79 47 
149 131 69 75 198 49 36 199 123 43 131 154 61 34 185 167 16 193 104 66 
153 108 23 84 192 67 48 69 130 11 14 90 27 143 4 199 74 195 106 158 
189 58 9 89 47 40 18 164 175 26 89 103 66 12 40 170 76 195 41 186 
51 109 187 83 85 190 50 86 155 181 128 102 77 62 24 165 72 32 85 28 
46 89 78 83 125 65 60 45 178 21 55 120 127 173 134 51 75 136 134 1 
137 110 174 190 156 71 80 135 145 82 25 118 173 112 37 198 105 162 117 92 
139 47 146 103 31 115 39 58 29 45 194 199 45 72 75 62 72 173 80 38 
97 142 8 3 77 125 134 1 78 182 169 136 78 139 138 121 26 63 77 175 
124 181 100 161 62 2 48 95 84 16 137 107 193 84 144 59 21 58 43 68 
77 119 57 41 91 64 23 115 72 129 41 115 15 136 157 159 100 52 93 41 
29 48 27 198 24 124 74 133 85 38 170 62 29 84 109 78 123 85 0 24 
193 105 12 165 167 7 77 184 104 190 34 91 21 85 134 190 142 198 86 18 
21 24 197 176 54 69 108 127 93 68 166 102 38 0 19 118 90 184 139 156 
8 32 78 14 187 39 74 20 27 154 188 41 198 42 2 121 104 146 56 109 
33 108 161 133 86 4 185 142 42 60 161 20 143 178 187 113 63 191 134 15 
56 161 12 11 159 51 138 170 124 107 7 184 151 101 89 158 41 190 13 12 
55 60 93 72 2 76 143 173 66 51 75 128 132 161 69 103 129 107 92 51 
153 192 170 119 72 7 94 105 40 183 62 9 7 38 160 71 171 54 147 114 
123 29 89 166 87 156 32 70 139 66 122 83 160 153 105 91 59 186 87 29 
42 117 45 156 188 52 154 66 33 160 119 31 138 67 176 98 114 120 53 7 
69 16 122 42 7 63 60 147 193 30 117 43 176 114 26 117 134 20 171 192 
164 154 66 93 64 175 0 12 100 151 76 179 143 77 189 161 185 72 34 144 
161 163 104 146 88 108 157 30 123 64 74 146 37 181 118 11 92 191 32 123 
61 191 61 130 98 169 91 0 179 117 117 114 195 41 136 67 28 53 109 173 
181 103 169 16 83 167 185 2 30 157 81 167 110 66 87 171 77 45 164 38 
71 47 115 192 111 57 5 53 171 180 140 130 75 120 190 177 198 186 4 89 
31 144 188 10 118 119 59 127 9 119 79 116 100 196 53 58 30 193 6 49 
54 72 160 94 54 133 146 29 71 28 159 41 21 88 166 33 85 70 129 61 
60 8 182 162 106 78 179 97 87 138 69 183 140 195 66 33 109 157 117 134 
53 135 58 193 43 93 66 151 140 94 137 174 112 97 151 95 17 92 92 37 
130 13 96 110 189 28 9 186 144 40 182 169 120 193 92 162 14 127 7 194 
105 113 11 113 93 64 3 195 162 181 146 109 48 168 24 111 154 35 127 33 
40 62 127 177 17 140 142 100 0 158 76 154 135 30 31 95 137 23 122 127 
29 11 11 154 80 53 93 121 185 128 43 0 155 71 70 52 175 31 40 134 
40 186 34 48 139 165 196 112 62 52 131 187 64 157 48 156 170 50 182 101 
93 99 132 44 131 75 4 50 26 66 138 1 23 43 41 180 95 118 59 163 
28 129 88 54 13 179 169 66 79 177 37 2 115 92 123 72 48 123 153 148 
195 197 108 108 11 193 65 181 2 10 28 56 105 165 23 169 115 53 5 84 
78 145 40 33 85 100 168 194 33 85 148 81 32 56 110 72 182 101 106 35 
60 71 127 137 143 168 33 195 171 3 142 11 79 34 112 193 130 161 34 58 
126 106 191 43 188 27 119 84 24 93 35 24 94 182 67 27 5 146 86 189 
140 37 50 159 178 156 77 3 42 100 11 25 143 195 16 15 4 6 168 41 
135 98 125 113 23 112 18 57 196 139 86 94 46 43 122 111 80 55 158 47 
70 190 73 127 13 54 96 72 50 41 41 46 125 13 24 129 95 3 194 193 
67 187 40 79 41 125 134 60 0 107 21 92 93 117 117 3 143 93 39 11 
125 28 178 148 50 92 44 54 23 153 36 147 146 26 61 104 38 171 86 5 
99 56 128 67 151 19 191 166 117 46 93 187 21 112 67 99 44 97 1 128 
142 104 168 168 41 96 62 120 44 118 25 19 184 174 184 59 149 14 95 103 
32 51 137 14 163 51 19 90 117 83 118 184 52 186 69 48 137 197 24 168 
27 148 193 182 71 69 93 77 14 104 84 143 95 11 93 92 198 190 99 90 
93 74 149 174 114 173 69 18 65 33 38 111 52 63 108 149 88 45 31 120 
106 71 168 21 58 157 47 182 38 122 123 106 106 189 156 145 151 123 118 150 
97 36 191 6 110 13 51 80 44 143 141 45 178 149 105 114 185 27 24 4 
156 117 27 155 102 86 68 98 179 11 89 158 90 175 10 132 89 96 150 112 
122 129 72 36 77 153 176 70 85 52 151 197 151 1 35 93 72 116 116 128 
111 125 38 96 139 144 56 26 102 158 188 21 186 108 177 28 179 147 149 80 
45 128 62 26 119 77 91 47 185 31 6 84 154 169 109 156 21 145 65 16 
60 97 135 190 77 49 5 86 188 75 143 177 130 87 155 82 53 0 154 89 
88 15 8 110 140 199 197 107 54 104 37 85 99 192 13 12 82 183 151 129 
137 33 0 64 83 57 168 110 168 108 41 132 37 84 99 101 69 183 56 92 
40 87 12 10 20 35 63 15 97 77 174 134 153 133 78 86 24 134 75 149 
112 184 24 192 104 22 55 113 62 73 84 160 122 53 197 22 150 137 117 6 
131 197 105 36 157 199 90 98 185 47 84 192 125 196 55 28 138 142 28 195 
142 37 106 167 53 193 105 146 9 124 54 65 39 6 9 92 99 175 36 61 
47 18 13 127 112 96 109 41 130 90 34 115 86 123 66 144 136 37 16 93 
149 171 44 177 85 0 190 85 125 118 68 6 129 8 141 25 136 180 116 70 
184 147 128 136 4 100 123 164 11 40 50 104 83 166 141 70 45 106 88 56 
107 66 57 78 199 74 155 191 190 32 58 196 117 90 167 107 34 46 62 2 
39 26 95 106 114 150 186 79 176 22 79 101 12 76 164 157 170 38 112 144 
161 180 0 43 56 61 47 139 8 90 52 179 18 19 7 84 147 177 75 13 
109 171 42 139 136 21 101 34 129 158 36 69 97 104 198 2 105 38 32 65 
116 81 179 23 127 171 113 182 140 16 88 119 189 113 59 51 71 83 164 38 
12 184 159 101 174 133 59 114 49 195 122 141 16 177 52 165 91 138 110 167 
55 187 24 22 39 41 48 4 34 168 41 72 68 174 176 137 33 41 145 18 
15 174 52 46 156 124 166 181 144 40 134 96 76 27 5 18 91 41 65 191 
71 59 100 17 16 143 24 64 105 157 102 66 75 46 32 189 46 145 3 152 
101 126 153 184 49 150 5 146 25 170 136 195 193 123 132 56 96 10 176 92 
150 90 195 52 150 115 36 161 160 184 129 134 50 82 6 136 184 190 17 182 
66 116 188 25 101 10 50 182 21 193 38 154 193 95 80 38 167 20 145 83 
65 96 33 190 32 189 39 183 17 129 153 79 13 0 52 145 61 151 118 163 
13 107 154 76 17 11 29 64 166 131 142 98 122 155 187 57 158 64 162 110 
146 65 180 165 146 140 97 42 64 194 184 70 115 0 6 106 102 96 33 11 
67 15 45 175 154 48 119 79 188 121 192 197 197 109 52 71 58 122 59 197 
199 99 120 120 36 184 112 115 153 85 141 199 167 8 44 169 81 79 108 7 
59 106 49 75 26 124 7 174 84 128 146 145 81 114 149 168 138 107 193 104 
105 97 17 155 41 143 133 97 79 136 155 33 154 130 52 104 79 88 70 154 
72 176 101 15 86 31 80 175 60 114 138 57 190 38 181 47 42 18 70 31 
61 19 181 190 33 72 163 102 102 128 121 98 47 145 6 22 86 194 177 44 
83 147 40 85 64 123 137 53 168 130 55 66 58 112 56 118 1 142 76 106 
102 84 23 70 112 50 75 111 50 195 88 120 101 183 198 92 48 184 45 187 
62 143 58 59 71 16 172 32 41 83 88 15 176 116 98 39 83 5 197 146 
169 75 117 187 20 30 42 135 189 173 80 73 177 186 181 185 122 145 179 85 
113 135 135 83 186 96 48 85 152 121 60 182 36 88 119 36 192 65 78 198 
96 186 11 176 147 121 2 45 102 164 139 172 57 170 120 54 159 80 98 191 
160 110 191 67 33 75 136 99 175 190 176 56 72 103 86 167 115 142 95 166 
56 186 37 198 26 164 85 65 108 140 160 14 154 12 152 138 106 125 30 49 
179 79 113 38 117 21 145 191 169 39 108 165 162 73 81 170 147 53 108 108 
115 29 66 89 63 171 141 59 31 172 114 166 188 170 168 199 55 50 44 136 
78 6 27 113 123 171 127 73 61 173 134 102 187 17 63 153 126 195 95 13 
6 170 59 105 96 33 23 52 79 119 126 193 185 65 171 44 107 71 87 99 
119 196 115 152 92 153 57 190 159 157 86 9 65 86 19 59 113 35 28 101 
68 69 56 131 178 74 195 43 74 116 24 111 185 122 171 57 95 174 38 183 
58 95 122 183 31 103 32 100 190 80 8 105 102 58 18 157 161 120 28 56 
113 132 92 182 67 120 158 74 187 94 183 164 64 114 146 190 25 55 163 67 
192 31 19 80 118 128 148 120 79 91 166 187 8 126 25 159 118 20 35 114 
56 147 156 134 160 151 8 78 94 189 124 176 94 90 189 172 19 101 102 44 
123 139 9 27 37 186 16 27 169 23 99 114 15 44 36 69 178 76 58 152 
46 137 115 188 16 88 182 74 133 115 56 56 62 16 124 129 42 184 72 49 
196 26 182 2 175 16 65 152 159 155 17 44 154 43 24 199 22 121 133 13 
117 193 73 60 175 74 185 101 22 8 195 26 120 91 188 129 72 177 193 8 
54 122 76 137 16 3 90 112 89 53 179 99 122 102 2 169 54 129 134 38 
74 26 63 134 172 148 53 103 107 118 133 37 95 179 61 144 59 161 107 176 
72 45 192 172 28 196 11 135 35 29 116 132 156 158 149 20 96 124 120 126 
6 183 45 174 91 188 138 64 104 77 153 142 4 23 52 25 11 42 124 149 
135 190 146 128 55 4 141 109 181 179 102 83 92 132 112 99 161 47 5 90 
169 159 28 139 28 180 71 178 40 56 148 44 145 125 10 98 16 180 15 64 
26 72 79 193 82 5 136 133 105 187 132 38 165 64 118 199 32 108 96 38 
178 38 45 59 169 144 162 169 49 118 67 158 143 61 3 190 186 26 3 4 
100 168 23 147 196 166 30 65 152 0 17 173 186 68 197 179 24 128 60 158 
25 67 112 134 52 169 162 170 11 35 90 111 64 150 160 145 167 154 187 17 
165 142 88 73 15 179 37 188 69 86 30 9 40 121 119 81 26 20 11 54 
93 184 157 199 136 29 150 57 5 165 134 49 94 192 70 119 17 113 53 117 
177 160 105 153 191 162 176 54 72 134 16 50 193 145 52 147 121 61 144 59 
166 85 39 118 107 68 154 50 32 199 20 135 98 192 116 182 29 116 59 158 
183 199 135 157 70 71 142 180 77 6 95 86 3 52 118 35 85 28 78 160 
101 149 164 185 26 157 137 41 138 193 96 33 93 168 73 135 109 96 181 161 
139 184 123 99 131 49 42 6 50 87 40 169 23 188 67 83 0 158 6 138 
63 120 166 158 85 23 29 98 156 70 175 196 83 188 19 146 190 75 69 119 
141 197 145 54 158 58 194 191 141 37 100 32 75 136 38 158 180 85 13 84 
53 127 85 26 70 136 81 170 149 148 77 199 35 173 137 151 131 17 33 171 
176 129 131 44 142 67 0 128 116 34 199 157 40 181 23 141 131 149 139 99 
175 99 163 45 126 1 24 83 189 135 24 95 145 170 83 117 192 152 124 173 
140 55 68 70 43 30 156 165 114 180 58 158 124 8 111 67 117 128 190 99 
180 70 190 12 0 64 75 84 82 111 106 68 44 26 36 166 192 188 38 65 
12 147 46 59 52 171 56 110 57 66 50 70 145 125 148 74 174 43 29 136 
163 16 58 134 101 61 55 15 174 182 139 82 24 100 175 137 176 100 24 64 
137 95 125 29 51 188 194 144 106 75 71 90 84 19 179 195 158 7 45 174 
38 156 20 32 166 22 157 153 71 155 189 25 29 128 39 127 194 90 48 54 
117 192 130 18 148 56 190 82 143 39 101 93 127 69 193 33 31 192 135 26 
42 80 16 161 117 107 120 45 166 121 182 182 6 91 70 15 195 143 163 171 
192 135 17 12 81 67 121 152 122 28 30 29 24 99 153 151 194 41 64 183 
120 144 188 77 13 2 58 2 153 49 58 175 90 38 23 195 101 5 158 123 
87 41 26 130 9 20 135 43 131 74 102 100 71 175 9 30 194 22 136 90 
15 52 154 182 133 188 55 160 145 123 142 59 87 143 147 184 189 68 188 198 
80 79 107 13 60 47 46 71 182 144 142 48 36 153 149 88 23 25 51 190 
39 46 162 175 24 78 185 103 181 177 150 48 170 94 16 129 126 38 115 72 
152 62 21 67 128 65 129 59 82 189 186 19 135 140 66 32 85 22 3 161 
96 141 150 32 72 161 170 113 165 45 120 10 128 170 21 196 4 114 199 10 
69 152 35 71 144 30 182 61 195 151 66 83 110 158 172 95 106 14 52 84 
105 12 21 141 175 90 125 11 167 182 183 187 193 50 79 68 74 84 29 135 
60 105 111 192 24 150 16 60 1 159 109 123 67 100 25 56 140 48 55 7 
49 91 160 182 36 19 70 79 125 119 9 101 31 124 7 125 101 83 169 88 
164 163 124 134 170 51 197 124 111 67 65 40 179 155 28 61 32 27 160 139 
66 37 48 48 4 48 165 21 133 175 41 114 147 162 154 76 54 58 121 184 
88 66 116 56 180 29 137 29 189 43 4 101 184 120 187 136 52 182 128 166 
72 193 158 179 183 187 23 197 96 194 101 53 120 103 72 20 132 153 24 33 
57 65 132 80 167 166 90 68 126 28 79 144 103 49 33 3 110 40 27 10 
127 82 193 187 63 161 165 199 51 118 81 158 103 158 38 178 64 57 172 21 
122 156 67 60 98 143 34 41 19 152 62 11 11 193 5 81 51 160 98 71 
42 94 84 135 100 155 155 123 50 88 139 10 17 132 148 10 95 19 48 189 
171 51 95 23 37 49 0 7 134 84 177 12 41 104 96 162 137 151 51 132 
165 138 45 28 194 126 178 145 128 5 149 57 112 1 199 127 92 153 195 142 
167 149 176 55 142 148 103 15 47 73 165 149 137 169 131 170 53 168 52 178 
156 181 95 186 129 131 78 59 152 89 158 38 54 172 8 56 171 147 103 111 
174 19 107 5 199 188 61 45 35 92 132 76 67 3 167 99 54 167 12 114 
129 193 177 54 12 31 89 126 47 99 89 74 36 12 187 157 103 91 82 29 
27 161 152 96 46 183 197 154 32 102 145 76 24 81 195 23 32 143 2 169 
82 189 37 199 35 179 54 52 199 150 132 145 93 71 49 190 4 177 105 119 
150 128 28 122 68 185 174 184 51 84 37 115 189 81 74 159 50 146 60 27 
33 21 161 18 146 150 63 61 46 58 194 171 145 102 46 20 54 153 160 186 
19 135 16 113 135 192 18 65 170 136 125 146 44 112 82 15 105 126 1 173 
106 80 193 190 191 14 23 57 100 49 122 85 162 102 68 174 152 48 35 38 
162 37 72 192 0 143 119 81 170 191 145 184 114 85 79 199 82 186 119 50 
193 185 116 8 88 99 25 96 169 131 14 102 170 137 198 77 198 51 88 63 
53 105 141 67 62 55 81 95 18 72 94 70 138 121 45 123 43 165 118 135 
137 199 99 192 154 124 31 66 29 122 156 18 75 92 110 161 132 128 122 149 
77 26 148 78 177 138 175 144 125 139 21 140 40 166 81 148 147 151 107 151 
110 157 77 9 3 176 140 23 174 54 169 106 85 199 48 130 173 58 16 84 
173 31 4 183 191 22 10 187 164 168 194 179 23 109 57 141 85 77 23 72 
28 35 149 117 9 143 67 65 190 91 169 138 4 176 12 191 93 9 20 197 
62 128 100 159 42 40 89 94 42 20 86 146 164 86 71 143 66 74 45 188 
149 27 154 104 81 46 157 85 114 150 32 73 143 112 32 83 39 168 189 83 
9 187 195 45 112 39 135 48 79 7 30 154 1 140 43 118 12 177 23 72 
183 85 86 120 57 102 39 6 76 124 52 37 35 99 116 90 167 6 21 175 
120 192 165 147 58 84 131 29 182 105 162 89 123 70 142 82 196 180 169 72 
115 51 136 155 174 77 154 129 82 51 169 37 101 76 4 73 161 197 195 125 
85 62 29 160 118 73 79 109 62 24 174 82 75 15 143 46 132 168 84 161 
72 86 66 89 151 4 33 194 76 198 4 133 68 184 17 164 16 14 66 196 
73 148 110 196 141 191 66 189 20 155 148 51 81 71 25 28 173 54 109 30 
38 191 139 53 48 167 54 77 90 197 56 173 189 62 136 29 88 139 185 41 
167 120 160 47 181 182 6 189 184 3 160 62 132 192 43 63 123 11 140 92 
43 70 119 49 112 176 45 86 156 3 164 98 108 78 138 123 5 11 193 117 
143 27 114 90 16 1 139 144 36 12 74 33 140 1 183 135 28 33 37 134 
177 71 122 63 59 140 168 82 48 166 90 27 58 71 106 105 1 34 170 155 
107 99 130 75 3 39 194 88 64 73 48 158 80 87 164 113 13 52 170 178 
166 104 16 49 177 37 137 59 32 155 105 126 137 166 114 155 90 46 182 35 
93 136 46 38 56 3 114 199 41 125 74 124 144 63 149 76 197 134 47 26 
43 44 192 161 69 175 139 96 81 71 68 113 66 30 6 109 90 59 84 146 
159 103 6 191 93 196 183 150 157 35 12 67 69 165 103 173 191 116 149 115 
118 43 188 97 111 91 74 163 125 7 170 121 127 58 136 75 21 176 199 119 
41 11 112 9 35 63 30 114 136 183 32 188 139 105 70 140 68 191 128 185 
137 120 124 197 154 103 94 162 65 154 100 102 114 29 194 26 63 128 148 79 
151 199 3 42 80 16 90 98 58 130 153 151 62 44 49 85 55 172 89 58 
152 129 40 60 46 27 44 22 136 73 154 133 156 51 191 134 131 122 79 2 
176 180 69 188 29 85 2 10 127 74 160 99 42 55 193 65 128 172 84 126 
198 123 1 187 88 197 52 175 150 78 55 93 30 6 131 89 165 121 127 164 
40 113 189 110 88 163 120 188 21 64 3 154 122 116 54 186 25 124 18 102 
120 59 88 82 141 174 100 166 22 154 152 50 116 26 86 2 137 101 101 149 
167 102 65 81 43 110 108 89 58 184 121 106 186 187 171 90 172 118 73 153 
81 62 196 13 51 115 4 185 133 164 104 37 53 184 133 172 121 144 170 57 
88 129 97 140 123 101 143 76 131 100 48 13 53 111 93 132 51 14 199 16 
12 34 49 52 112 141 9 50 180 169 135 162 165 111 17 11 163 121 6 145 
43 50 193 64 42 44 33 136 102 25 159 153 7 6 143 129 151 70 195 28 
141 59 20 115 144 178 58 184 138 183 38 137 35 30 182 115 80 21 25 152 
4 46 12 4 45 25 44 149 194 129 132 9 116 29 161 133 130 146 132 83 
73 39 80 35 187 170 189 29 160 121 197 189 163 44 21 105 15 113 134 199 
137 15 164 58 111 183 46 143 137 31 55 51 151 90 52 95 20 61 160 167 
73 34 133 191 101 178 187 79 100 15 109 72 61 152 170 23 64 137 50 10 
191 178 43 161 21 118 98 183 133 95 109 72 68 103 64 45 49 50 46 142 
44 155 59 168 85 101 168 47 6 187 135 109 164 33 151 140 25 124 146 0 
38 31 21 17 24 184 15 144 152 19 70 167 119 174 87 30 145 116 44 99 
162 85 115 121 102 141 4 173 133 52 11 29 24 159 183 65 45 150 26 191 
97 13 171 186 62 190 184 106 18 22 119 66 18 191 159 166 103 79 98 67 
145 103 30 20 25 134 21 33 35 87 193 27 148 24 92 118 0 44 31 86 
95 108 153 197 192 121 19 107 71 22 161 191 52 51 123 165 156 180 61 65 
123 100 28 35 153 12 82 76 157 89 92 199 176 61 42 131 60 100 38 80 
20 145 129 168 141 162 34 33 70 82 0 160 164 141 99 136 65 33 29 27 
54 28 119 184 110 168 17 197 125 6 10 63 48 90 169 144 199 43 155 64 
137 158 6 111 14 147 93 129 187 80 85 164 34 76 15 118 184 47 48 147 
155 32 181 37 27 96 59 124 199 53 101 41 4 129 15 165 50 132 83 119 
96 39 178 38 41 3 6 20 70 49 5 124 78 187 184 29 139 98 173 38 
15 2 41 85 63 11 66 27 183 130 165 82 182 31 35 90 12 56 2 48 
113 126 97 64 15 93 107 37 18 138 24 70 183 145 128 59 83 21 137 160 
149 123 83 105 47 113 186 184 9 34 100 170 39 157 68 56 85 192 22 133 
135 183 27 99 61 90 135 100 79 173 106 85 45 9 36 181 139 99 101 7 
195 19 84 27 155 160 133 52 0 3 88 198 75 169 104 190 43 157 57 119 
75 149 190 146 198 67 146 109 80 79 181 7 119 138 25 99 170 14 110 155 
32 165 18 120 37 64 109 103 144 50 141 101 144 27 141 110 96 24 83 98 
40 131 170 154 135 103 45 9 14 32 117 30 118 32 13 90 61 132 35 117 
45 121 18 5 133 121 46 170 188 194 8 27 35 177 75 5 50 42 54 118 
190 124 179 165 154 171 22 44 67 109 10 72 152 74 177 97 170 141 67 141 
17 168 65 121 55 127 114 83 137 132 149 162 82 35 192 135 130 134 120 128 
88 124 34 33 3 125 122 182 160 65 130 64 23 122 86 108 38 31 165 26 
162 163 178 19 51 141 115 76 168 121 98 187 131 39 139 152 30 74 181 142 
118 100 100 34 6 80 190 123 199 168 85 34 55 144 44 108 0 19 118 149 
147 180 99 48 84 119 132 140 88 170 97 33 140 22 145 140 127 50 82 47 
99 50 130 196 104 131 5 51 82 139 167 170 76 143 156 173 116 157 86 166 
33 43 72 14 98 71 137 61 9 120 186 127 41 53 123 128 91 197 99 81 
23 110 71 178 193 90 53 34 66 47 113 22 145 174 88 22 177 119 83 166 
5 194 46 124 41 89 98 197 66 60 191 173 65 5 6 38 196 118 62 144 
126 15 93 123 169 124 18 169 72 70 161 15 25 129 94 37 195 30 149 100 
101 194 161 103 192 159 148 6 13 169 39 55 161 51 10 77 176 139 22 102 
24 196 49 23 112 123 114 171 8 20 181 156 98 149 145 97 66 43 48 192 
131 4 95 94 50 149 151 181 198 45 75 45 184 33 100 199 167 97 9 141 
31 99 98 174 187 159 62 145 129 59 124 167 166 168 127 94 49 196 142 123 
196 17 11 168 48 181 33 174 88 84 68 68 25 4 44 121 160 111 122 151 
100 142 30 25 30 51 120 198 127 80 5 182 25 14 12 4 192 9 138 5 
66 66 171 80 164 141 26 86 135 133 51 124 76 92 159 151 196 127 7 87 
27 120 5 127 37 110 183 3 137 83 141 35 21 77 78 80 34 111 29 53 
130 8 130 48 32 141 70 16 63 18 15 184 109 174 141 85 8 160 148 85 
178 101 171 105 1 196 172 109 131 187 70 125 184 2 127 146 88 152 197 189 
95 198 151 18 173 57 119 73 115 68 83 10 59 125 196 39 183 118 159 118 
61 167 3 166 138 26 193 82 76 160 138 157 180 154 78 61 68 121 73 98 
157 58 19 145 101 189 16 156 39 125 125 132 178 21 116 162 87 8 138 130 
5 90 199 169 7 53 13 56 185 183 148 193 199 162 6 66 135 19 71 64 
199 8 47 14 114 12 107 22 127 92 120 199 98 71 186 192 152 17 124 188 
93 89 88 14 96 68 146 158 137 145 168 197 25 47 21 37 43 107 70 149 
146 39 52 12 20 31 76 91 125 45 99 16 174 56 77 72 136 8 96 109 
132 158 188 144 4 130 127 49 119 68 174 101 161 55 166 127 113 162 180 18 
128 89 113 141 23 196 131 40 31 135 32 182 182 50 44 52 57 1 68 33 
173 94 19 126 83 133 182 112 36 25 52 12 24 45 96 2 173 158 105 77 
158 111 81 50 170 180 53 127 159 116 197 118 118 177 181 65 152 113 171 176 
186 74 42 41 109 97 62 48 42 148 192 136 20 17 29 24 181 38 106 161 
150 147 58 39 105 181 68 14 1 116 94 167 45 167 39 163 0 174 44 199 
125 80 17 24 49 86 74 57 185 15 58 75 30 182 11 37 70 162 191 28 
61 12 96 76 100 158 171 191 48 122 98 150 158 128 145 142 38 60 73 77 
93 95 4 13 32 125 104 95 21 48 168 84 20 91 38 32 119 137 166 32 
62 134 31 37 94 102 11 114 42 69 34 147 130 103 41 6 11 97 137 102 
15 63 117 117 199 151 43 138 182 54 87 12 112 122 37 174 91 8 118 51 
77 23 52 11 30 189 1 15 87 128 29 121 187 63 127 88 77 114 46 75 
82 31 39 19 169 47 162 6 160 152 105 161 120 180 41 150 139 138 124 151 
5 140 189 25 82 104 53 180 30 11 6 58 187 51 127 30 22 147 7 96 
114 5 149 6 10 115 135 188 185 134 113 23 76 163 177 126 122 107 129 66 
27 25 100 48 175 130 157 13 96 16 92 105 51 7 130 103 147 52 55 84 
135 194 146 190 36 47 105 7 78 158 81 146 99 22 192 13 8 52 41 191 
176 124 57 108 146 158 32 63 27 31 41 79 37 100 37 109 150 54 140 197 
27 179 46 139 38 81 98 192 21 97 93 13 6 129 93 151 16 194 38 188 
75 171 21 180 83 166 99 156 9 66 68 159 195 184 128 94 132 66 58 66 
63 113 31 86 160 166 49 122 60 83 173 166 106 146 74 108 146 70 20 66 
69 178 127 38 84 159 167 178 30 121 191 90 93 44 9 107 40 123 22 47 
150 25 62 182 169 140 1 55 105 126 87 63 179 166 78 145 9 86 106 120 
43 6 42 161 183 138 17 195 109 199 97 195 142 52 167 140 103 55 155 52 
56 45 62 197 50 189 65 105 127 47 27 103 76 65 75 46 181 3 15 63 
160 116 181 177 133 28 184 103 44 76 174 108 135 2 135 41 186 193 120 14 
144 57 112 104 96 91 106 26 16 183 133 111 176 105 65 6 98 18 19 191 
24 67 50 134 95 175 75 94 187 65 162 39 108 60 82 186 95 122 135 148 
159 119 138 66 173 150 60 141 93 148 6 118 68 12 65 19 127 171 114 42 
150 149 128 61 177 136 25 6 65 183 153 5 26 153 165 145 127 180 31 180 
183 147 123 81 63 144 49 26 40 62 91 29 98 198 178 127 25 60 69 180 
23 147 2 165 82 23 55 187 7 9 130 91 111 144 144 75 89 5 156 124 
17 56 48 160 80 50 88 166 67 178 173 43 48 132 176 163 198 135 16 57 
180 166 61 91 133 129 85 50 91 93 88 88 186 57 159 27 110 26 90 41 
64 66 74 92 148 12 92 16 158 27 159 42 39 163 48 196 50 96 196 78 
108 86 37 103 123 1 41 45 30 94 0 193 54 194 4 142 124 169 181 43 
27 1 102 23 38 161 34 101 5 100 132 56 36 10 117 193 77 192 110 190 
8 175 89 69 191 139 35 106 39 173 69 173 44 27 195 136 195 102 116 7 
22 164 148 8 172 8 190 157 47 31 86 96 106 67 14 190 67 5 111 183 
53 39 26 142 129 40 127 140 86 43 47 153 70 10 5 109 171 71 42 132 
42 20 25 81 118 188 151 52 57 65 175 30 151 102 150 188 147 72 90 19 
117 193 160 156 92 93 199 32 49 73 143 133 44 56 86 25 164 0 132 22 
145 53 109 95 147 108 119 34 136 123 44 182 90 175 146 39 48 165 162 168 
119 69 182 113 87 140 166 33 90 121 36 77 195 106 63 49 20 56 133 166 
155 57 21 61 101 60 116 163 138 178 197 134 188 99 70 199 115 166 65 32 
74 78 137 0 48 193 158 157 71 58 82 17 65 106 20 112 4 2 197 136 
43 116 178 106 24 115 73 160 78 136 119 8 188 182 121 16 23 112 186 170 
166 42 68 58 76 62 146 181 153 104 38 197 122 195 111 115 187 21 37 4 
178 40 64 166 94 131 165 156 184 65 106 65 0 184 189 2 11 157 7 7 
27 86 143 35 112 31 77 49 6 1 35 146 159 176 11 108 90 164 197 125 
107 83 15 177 94 180 155 168 134 183 11 116 3 148 0 41 60 73 123 189 
32 23 187 178 139 103 137 90 63 177 1 3 113 30 114 99 198 103 198 117 
190 68 174 92 48 106 184 48 126 167 35 7 177 71 5 30 120 45 58 159 
198 42 8 77 66 33 105 78 90 111 40 17 2 69 143 48 26 160 57 63 
46 90 68 126 186 10 49 139 13 162 158 20 37 15 75 172 76 190 29 155 
10 77 184 75 35 176 40 48 129 190 33 167 37 123 45 3 194 86 134 52 
75 141 125 1 55 104 178 191 33 60 125 26 125 90 189 107 135 47 119 83 
14 28 113 48 26 40 127 109 66 165 165 87 73 176 150 53 153 29 109 143 
0 171 11 178 163 188 168 2 160 168 173 66 160 18 185 1 85 19 146 13 
96 189 94 4 119 19 27 88 61 95 52 43 90 147 165 124 84 125 153 192 
110 197 97 5 112 56 56 130 31 34 101 171 38 56 65 36 69 124 186 172 
2 52 71 180 125 180 108 199 137 67 128 12 31 84 93 58 140 87 88 77 
159 159 130 30 76 140 38 191 60 76 60 94 128 37 53 185 139 127 128 196 
104 168 196 175 13 183 191 148 46 133 159 127 173 1 7 95 152 35 60 52 
171 195 120 73 88 67 175 163 12 74 49 130 28 195 183 33 127 45 0 185 
190 172 38 171 193 96 173 61 108 116 100 139 27 97 72 178 89 172 93 58 
199 78 166 10 42 195 167 177 54 54 192 2 26 194 45 174 148 83 44 81 
175 70 47 118 98 167 194 172 67 138 191 189 68 60 112 100 12 34 77 175 
17 90 47 190 140 105 84 43 14 164 100 98 82 75 170 123 98 51 64 77 
23 60 164 117 67 170 119 55 97 127 65 100 88 169 13 198 44 159 50 56 
5 10 28 113 20 82 32 66 187 31 64 101 180 185 102 73 53 194 27 188 
154 2 66 168 147 171 137 33 112 62 120 101 155 85 86 117 141 163 48 132 
67 153 146 13 194 107 75 66 129 82 108 2 94 171 106 98 155 144 44 24 
178 101 31 140 103 125 128 159 189 70 49 112 188 163 0 141 114 105 44 111 
175 84 106 58 197 194 159 123 15 96 22 58 73 76 196 106 105 195 187 143 
141 139 188 39 77 172 152 196 82 171 185 129 184 47 68 139 199 15 122 42 
112 107 31 48 54 171 90 9 58 125 127 68 164 155 105 89 7 155 196 123 
141 49 34 184 26 186 11 22 69 58 11 0 4 185 103 162 8 122 40 1 
137 12 147 119 91 148 160 5 25 90 130 81 88 195 38 11 184 47 55 171 
102 100 161 117 165 139 101 23 15 9 53 2 31 185 89 7 144 135 64 12 
27 184 155 95 85 49 38 155 15 141 56 9 19 27 62 48 179 143 131 151 
51 96 98 179 138 106 191 101 13 181 51 69 86 77 142 141 155 35 58 199 
161 180 174 184 138 113 56 193 173 71 31 52 53 199 23 100 36 0 166 192 
146 164 103 81 152 9 133 122 82 89 42 104 69 140 136 65 5 12 72 26 
155 25 10 156 188 46 68 14 13 196 126 65 85 181 29 56 188 116 38 198 
115 99 22 133 68 29 143 116 28 61 190 24 141 47 147 119 81 182 89 105 
3 149 190 191 168 145 117 145 167 70 138 186 125 2 182 95 28 55 196 120 
141 13 146 78 27 103 124 86 186 165 197 68 16 18 144 4 163 79 15 172 
43 7 17 126 17 180 57 69 136 58 100 22 74 35 28 114 158 99 27 192 
121 140 89 136 43 93 146 21 28 94 18 2 143 96 27 17 85 3 72 176 
85 111 66 54 154 142 43 100 150 66 9 134 198 100 182 116 85 93 53 124 
21 48 111 75 43 103 23 116 123 85 3 112 117 84 69 7 166 104 184 181 
65 172 30 160 87 115 145 193 21 42 65 49 158 148 166 70 96 93 103 167 
83 60 114 44 15 114 124 161 125 0 67 172 49 17 18 13 158 179 69 86 
75 124 46 187 117 82 71 140 101 35 25 73 147 6 188 117 43 138 184 157 
39 94 60 131 53 65 37 190 171 27 97 60 184 91 99 91 140 90 106 13 
98 23 190 162 125 21 195 146 178 154 1 123 13 98 146 87 78 12 118 82 
84 114 156 19 58 127 130 1 26 92 166 24 144 155 102 19 88 184 21 156 
35 68 199 10 13 108 135 115 162 154 102 34 115 10 63 74 92 184 81 148 
40 24 101 181 102 93 96 20 101 55 179 178 14 7 73 99 66 68 185 124 
164 187 29 118 111 2 122 42 187 142 97 188 172 38 13 133 148 31 150 196 
59 9 29 117 124 106 121 189 25 138 9 69 81 39 107 29 113 154 85 50 
193 49 194 2 8 134 127 72 107 96 142 172 50 8 19 21 83 127 173 105 
44 158 175 44 91 134 152 183 24 186 63 131 101 153 155 126 196 128 51 61 
10 80 153 27 91 91 52 9 126 69 134 63 130 121 67 49 17 65 11 125 
108 162 50 124 15 199 70 55 111 21 80 37 169 7 135 66 92 82 49 106 
194 124 44 70 59 33 156 93 91 22 5 87 157 98 28 46 120 97 129 174 
89 59 64 79 72 69 8 17 63 22 18 183 177 20 78 54 64 47 3 24 
26 63 191 92 92 154 30 49 175 25 93 91 162 171 137 140 88 154 163 167 
36 61 119 113 106 85 150 104 40 172 153 65 45 106 126 157 96 146 80 196 